20
0.0     77.0    2.0	    36.0	202.0	19.0	9.0	    2.0	    18.0	36.0	15.0	31.0	24.0	17.0	41.0	23.0	11.0	184.0	17.0	13.0    0.03664402942840973  
77.0	0.0	    6.0	    32.0	387.0	70.0	86.0	0.0	    21.0	64.0	17.0	26.0	83.0	56.0	167.0	25.0	11.0	186.0	65.0	48.0    0.06729862290133937	
2.0	    6.0	    0.0	    0.0	    7.0	    6.0	    8.0	    0.0	    11.0	5.0	    4.0	    27.0	8.0	    3.0	    12.0	7.0	    4.0	    19.0	12.0	2.0     0.006744010564044519	
36.0	32.0	0.0	    0.0	    27.0	9.0	    1.0	    0.0	    2.0	    10.0	3.0	    4.0	    6.0	    3.0	    6.0	    6.0	    1.0	    37.0	0.0	    1.0     0.008677607998490851	
202.0	387.0	7.0	    27.0	0.0	    188.0	61.0	1.0	    44.0	291.0	36.0	82.0	213.0	49.0	231.0	70.0	30.0	2181.0	33.0	39.0    0.19675532918317298	
19.0	70.0	6.0	    9.0	    188.0	0.0	    34.0	0.0	    17.0	268.0	92.0	31.0	210.0	17.0	71.0	40.0	16.0	214.0	22.0	11.0    0.06295981890209394	
9.0	    86.0	8.0	    1.0	    61.0	34.0	0.0	    0.0	    17.0	47.0	17.0	105.0	75.0	12.0	54.0	34.0	14.0	100.0	24.0	9.0     0.03334276551594039
2.0	    0.0	    0.0	    0.0	    1.0	    0.0	    0.0	    0.0	    0.0	    1.0	    0.0	    6.0	    0.0	    1.0	    0.0	    0.0	    0.0	    0.0	    2.0	    1.0     0.000660252782493869	
18.0	21.0	11.0	2.0	    44.0	17.0	17.0	0.0	    0.0	    35.0	18.0	45.0	41.0	15.0	39.0	49.0	35.0	76.0	30.0	68.0    0.027400490473495565	
36.0	64.0	5.0	    10.0	291.0	268.0	47.0	1.0	    35.0	0.0	    29.0	74.0	173.0	42.0	92.0	50.0	32.0	270.0	22.0	33.0    0.07423127711752499	
15.0	17.0	4.0	    3.0	    36.0	92.0	17.0	0.0	    18.0	29.0	0.0	    18.0	158.0	46.0	38.0	29.0	9.0	    77.0	19.0	10.0	0.02994717977740049
31.0	26.0	27.0	4.0	    82.0	31.0	105.0	6.0	    45.0	74.0	18.0	0.0	    70.0	20.0	51.0	41.0	36.0	96.0	42.0	16.0	0.03871910960196189
24.0	83.0	8.0	    6.0	    213.0	210.0	75.0	0.0	    41.0	173.0	158.0	70.0	0.0	    14.0	73.0	71.0	28.0	159.0	30.0	27.0	0.06899641577060932
17.0	56.0	3.0	    3.0	    4.0	    17.0	12.0	1.0	    15.0	42.0	46.0	20.0	14.0	0.0	    20.0	23.0	7.0	    73.0	17.0	12.0	0.021080928126768535
41.0	167.0	12.0	6.0	    231.0	71.0	54.0	0.0	    39.0	92.0	38.0	51.0	73.0	20.0	0.0	    79.0	25.0	286.0	54.0	19.0	0.0640445199019053
23.0	25.0	7.0	    6.0	    70.0	40.0	34.0	0.0	    49.0	50.0	29.0	41.0	71.0	23.0	79.0	0.0	    19.0	131.0	38.0	20.0	0.03560648934163366
11.0	11.0	4.0	    1.0	    30.0	16.0	14.0	0.0	    35.0	32.0	9.0	    36.0	28.0	7.0	    25.0	19.0	0.0	    42.0	11.0	17.0	0.016411997736276173
184.0	186.0	19.0	37.0	2181.0	214.0	100.0	0.0	    76.0	270.0	77.0	96.0	159.0	73.0	286.0	131.0	42.0	0.0	    92.0	52.0	0.20161290322580644
17.0	65.0	12.0	0.0	    33.0	22.0	24.0	2.0	    30.0	22.0	19.0	42.0	30.0	17.0	54.0	38.0	11.0	92.0	0.0	    67.0	0.02815506508205999
13.0	48.0	2.0	    1.0	    39.0	11.0	9.0	    1.0	    68.0	33.0	10.0	16.0	27.0	12.0	19.0	20.0	17.0	52.0	67.0	0.0     0.021929824561403508
